 16 15  2  1
 16 14  3  1
 16 13  4  1
 15 14  4  1
 16 12  5  1
 15 13  5  1
 16 11  6  1
 15 12  6  1
 14 13  6  1
 16 10  7  1
 15 11  7  1
 14 12  7  1
 16  9  8  1
 15 10  8  1
 14 11  8  1
 13 12  8  1
 14 10  9  1
 13 11  9  1
 12 11 10  1
 16 13  3  2
 15 14  3  2
 16 12  4  2
 15 13  4  2
 16 11  5  2
 15 12  5  2
 14 13  5  2
 16 10  6  2
 15 11  6  2
 14 12  6  2
 16  9  7  2
 15 10  7  2
 14 11  7  2
 13 12  7  2
 15  9  8  2
 14 10  8  2
 13 11  8  2
 13 10  9  2
 12 11  9  2
 16 11  4  3
 15 12  4  3
 14 13  4  3
 16 10  5  3
 15 11  5  3
 14 12  5  3
 16  9  6  3
 15 10  6  3
 14 11  6  3
 13 12  6  3
 16  8  7  3
 15  9  7  3
 14 10  7  3
 13 11  7  3
 14  9  8  3
 13 10  8  3
 12 11  8  3
 12 10  9  3
 16  9  5  4
 15 10  5  4
 14 11  5  4
 13 12  5  4
 16  8  6  4
 15  9  6  4
 14 10  6  4
 13 11  6  4
 15  8  7  4
 14  9  7  4
 13 10  7  4
 12 11  7  4
 13  9  8  4
 12 10  8  4
 11 10  9  4
 16  7  6  5
 15  8  6  5
 14  9  6  5
 13 10  6  5
 12 11  6  5
 14  8  7  5
 13  9  7  5
 12 10  7  5
 12  9  8  5
 11 10  8  5
 13  8  7  6
 12  9  7  6
 11 10  7  6
 11  9  8  6
 10  9  8  7
Result: 86
