 25 24 13  2  1
 25 23 14  2  1
 25 22 15  2  1
 24 23 15  2  1
 25 21 16  2  1
 24 22 16  2  1
 25 20 17  2  1
 24 21 17  2  1
 23 22 17  2  1
 25 19 18  2  1
 24 20 18  2  1
 23 21 18  2  1
 23 20 19  2  1
 22 21 19  2  1
 25 24 12  3  1
 25 23 13  3  1
 25 22 14  3  1
 24 23 14  3  1
 25 21 15  3  1
 24 22 15  3  1
 25 20 16  3  1
 24 21 16  3  1
 23 22 16  3  1
 25 19 17  3  1
 24 20 17  3  1
 23 21 17  3  1
 24 19 18  3  1
 23 20 18  3  1
 22 21 18  3  1
 22 20 19  3  1
 25 24 11  4  1
 25 23 12  4  1
 25 22 13  4  1
 24 23 13  4  1
 25 21 14  4  1
 24 22 14  4  1
 25 20 15  4  1
 24 21 15  4  1
 23 22 15  4  1
 25 19 16  4  1
 24 20 16  4  1
 23 21 16  4  1
 25 18 17  4  1
 24 19 17  4  1
 23 20 17  4  1
 22 21 17  4  1
 23 19 18  4  1
 22 20 18  4  1
 21 20 19  4  1
 25 24 10  5  1
 25 23 11  5  1
 25 22 12  5  1
 24 23 12  5  1
 25 21 13  5  1
 24 22 13  5  1
 25 20 14  5  1
 24 21 14  5  1
 23 22 14  5  1
 25 19 15  5  1
 24 20 15  5  1
 23 21 15  5  1
 25 18 16  5  1
 24 19 16  5  1
 23 20 16  5  1
 22 21 16  5  1
 24 18 17  5  1
 23 19 17  5  1
 22 20 17  5  1
 22 19 18  5  1
 21 20 18  5  1
 25 24  9  6  1
 25 23 10  6  1
 25 22 11  6  1
 24 23 11  6  1
 25 21 12  6  1
 24 22 12  6  1
 25 20 13  6  1
 24 21 13  6  1
 23 22 13  6  1
 25 19 14  6  1
 24 20 14  6  1
 23 21 14  6  1
 25 18 15  6  1
 24 19 15  6  1
 23 20 15  6  1
 22 21 15  6  1
 25 17 16  6  1
 24 18 16  6  1
 23 19 16  6  1
 22 20 16  6  1
 23 18 17  6  1
 22 19 17  6  1
 21 20 17  6  1
 21 19 18  6  1
 25 24  8  7  1
 25 23  9  7  1
 25 22 10  7  1
 24 23 10  7  1
 25 21 11  7  1
 24 22 11  7  1
 25 20 12  7  1
 24 21 12  7  1
 23 22 12  7  1
 25 19 13  7  1
 24 20 13  7  1
 23 21 13  7  1
 25 18 14  7  1
 24 19 14  7  1
 23 20 14  7  1
 22 21 14  7  1
 25 17 15  7  1
 24 18 15  7  1
 23 19 15  7  1
 22 20 15  7  1
 24 17 16  7  1
 23 18 16  7  1
 22 19 16  7  1
 21 20 16  7  1
 22 18 17  7  1
 21 19 17  7  1
 20 19 18  7  1
 25 22  9  8  1
 24 23  9  8  1
 25 21 10  8  1
 24 22 10  8  1
 25 20 11  8  1
 24 21 11  8  1
 23 22 11  8  1
 25 19 12  8  1
 24 20 12  8  1
 23 21 12  8  1
 25 18 13  8  1
 24 19 13  8  1
 23 20 13  8  1
 22 21 13  8  1
 25 17 14  8  1
 24 18 14  8  1
 23 19 14  8  1
 22 20 14  8  1
 25 16 15  8  1
 24 17 15  8  1
 23 18 15  8  1
 22 19 15  8  1
 21 20 15  8  1
 23 17 16  8  1
 22 18 16  8  1
 21 19 16  8  1
 21 18 17  8  1
 20 19 17  8  1
 25 20 10  9  1
 24 21 10  9  1
 23 22 10  9  1
 25 19 11  9  1
 24 20 11  9  1
 23 21 11  9  1
 25 18 12  9  1
 24 19 12  9  1
 23 20 12  9  1
 22 21 12  9  1
 25 17 13  9  1
 24 18 13  9  1
 23 19 13  9  1
 22 20 13  9  1
 25 16 14  9  1
 24 17 14  9  1
 23 18 14  9  1
 22 19 14  9  1
 21 20 14  9  1
 24 16 15  9  1
 23 17 15  9  1
 22 18 15  9  1
 21 19 15  9  1
 22 17 16  9  1
 21 18 16  9  1
 20 19 16  9  1
 20 18 17  9  1
 25 18 11 10  1
 24 19 11 10  1
 23 20 11 10  1
 22 21 11 10  1
 25 17 12 10  1
 24 18 12 10  1
 23 19 12 10  1
 22 20 12 10  1
 25 16 13 10  1
 24 17 13 10  1
 23 18 13 10  1
 22 19 13 10  1
 21 20 13 10  1
 25 15 14 10  1
 24 16 14 10  1
 23 17 14 10  1
 22 18 14 10  1
 21 19 14 10  1
 23 16 15 10  1
 22 17 15 10  1
 21 18 15 10  1
 20 19 15 10  1
 21 17 16 10  1
 20 18 16 10  1
 19 18 17 10  1
 25 16 12 11  1
 24 17 12 11  1
 23 18 12 11  1
 22 19 12 11  1
 21 20 12 11  1
 25 15 13 11  1
 24 16 13 11  1
 23 17 13 11  1
 22 18 13 11  1
 21 19 13 11  1
 24 15 14 11  1
 23 16 14 11  1
 22 17 14 11  1
 21 18 14 11  1
 20 19 14 11  1
 22 16 15 11  1
 21 17 15 11  1
 20 18 15 11  1
 20 17 16 11  1
 19 18 16 11  1
 25 14 13 12  1
 24 15 13 12  1
 23 16 13 12  1
 22 17 13 12  1
 21 18 13 12  1
 20 19 13 12  1
 23 15 14 12  1
 22 16 14 12  1
 21 17 14 12  1
 20 18 14 12  1
 21 16 15 12  1
 20 17 15 12  1
 19 18 15 12  1
 19 17 16 12  1
 22 15 14 13  1
 21 16 14 13  1
 20 17 14 13  1
 19 18 14 13  1
 20 16 15 13  1
 19 17 15 13  1
 18 17 16 13  1
 19 16 15 14  1
 18 17 15 14  1
 25 24 11  3  2
 25 23 12  3  2
 25 22 13  3  2
 24 23 13  3  2
 25 21 14  3  2
 24 22 14  3  2
 25 20 15  3  2
 24 21 15  3  2
 23 22 15  3  2
 25 19 16  3  2
 24 20 16  3  2
 23 21 16  3  2
 25 18 17  3  2
 24 19 17  3  2
 23 20 17  3  2
 22 21 17  3  2
 23 19 18  3  2
 22 20 18  3  2
 21 20 19  3  2
 25 24 10  4  2
 25 23 11  4  2
 25 22 12  4  2
 24 23 12  4  2
 25 21 13  4  2
 24 22 13  4  2
 25 20 14  4  2
 24 21 14  4  2
 23 22 14  4  2
 25 19 15  4  2
 24 20 15  4  2
 23 21 15  4  2
 25 18 16  4  2
 24 19 16  4  2
 23 20 16  4  2
 22 21 16  4  2
 24 18 17  4  2
 23 19 17  4  2
 22 20 17  4  2
 22 19 18  4  2
 21 20 18  4  2
 25 24  9  5  2
 25 23 10  5  2
 25 22 11  5  2
 24 23 11  5  2
 25 21 12  5  2
 24 22 12  5  2
 25 20 13  5  2
 24 21 13  5  2
 23 22 13  5  2
 25 19 14  5  2
 24 20 14  5  2
 23 21 14  5  2
 25 18 15  5  2
 24 19 15  5  2
 23 20 15  5  2
 22 21 15  5  2
 25 17 16  5  2
 24 18 16  5  2
 23 19 16  5  2
 22 20 16  5  2
 23 18 17  5  2
 22 19 17  5  2
 21 20 17  5  2
 21 19 18  5  2
 25 24  8  6  2
 25 23  9  6  2
 25 22 10  6  2
 24 23 10  6  2
 25 21 11  6  2
 24 22 11  6  2
 25 20 12  6  2
 24 21 12  6  2
 23 22 12  6  2
 25 19 13  6  2
 24 20 13  6  2
 23 21 13  6  2
 25 18 14  6  2
 24 19 14  6  2
 23 20 14  6  2
 22 21 14  6  2
 25 17 15  6  2
 24 18 15  6  2
 23 19 15  6  2
 22 20 15  6  2
 24 17 16  6  2
 23 18 16  6  2
 22 19 16  6  2
 21 20 16  6  2
 22 18 17  6  2
 21 19 17  6  2
 20 19 18  6  2
 25 23  8  7  2
 25 22  9  7  2
 24 23  9  7  2
 25 21 10  7  2
 24 22 10  7  2
 25 20 11  7  2
 24 21 11  7  2
 23 22 11  7  2
 25 19 12  7  2
 24 20 12  7  2
 23 21 12  7  2
 25 18 13  7  2
 24 19 13  7  2
 23 20 13  7  2
 22 21 13  7  2
 25 17 14  7  2
 24 18 14  7  2
 23 19 14  7  2
 22 20 14  7  2
 25 16 15  7  2
 24 17 15  7  2
 23 18 15  7  2
 22 19 15  7  2
 21 20 15  7  2
 23 17 16  7  2
 22 18 16  7  2
 21 19 16  7  2
 21 18 17  7  2
 20 19 17  7  2
 25 21  9  8  2
 24 22  9  8  2
 25 20 10  8  2
 24 21 10  8  2
 23 22 10  8  2
 25 19 11  8  2
 24 20 11  8  2
 23 21 11  8  2
 25 18 12  8  2
 24 19 12  8  2
 23 20 12  8  2
 22 21 12  8  2
 25 17 13  8  2
 24 18 13  8  2
 23 19 13  8  2
 22 20 13  8  2
 25 16 14  8  2
 24 17 14  8  2
 23 18 14  8  2
 22 19 14  8  2
 21 20 14  8  2
 24 16 15  8  2
 23 17 15  8  2
 22 18 15  8  2
 21 19 15  8  2
 22 17 16  8  2
 21 18 16  8  2
 20 19 16  8  2
 20 18 17  8  2
 25 19 10  9  2
 24 20 10  9  2
 23 21 10  9  2
 25 18 11  9  2
 24 19 11  9  2
 23 20 11  9  2
 22 21 11  9  2
 25 17 12  9  2
 24 18 12  9  2
 23 19 12  9  2
 22 20 12  9  2
 25 16 13  9  2
 24 17 13  9  2
 23 18 13  9  2
 22 19 13  9  2
 21 20 13  9  2
 25 15 14  9  2
 24 16 14  9  2
 23 17 14  9  2
 22 18 14  9  2
 21 19 14  9  2
 23 16 15  9  2
 22 17 15  9  2
 21 18 15  9  2
 20 19 15  9  2
 21 17 16  9  2
 20 18 16  9  2
 19 18 17  9  2
 25 17 11 10  2
 24 18 11 10  2
 23 19 11 10  2
 22 20 11 10  2
 25 16 12 10  2
 24 17 12 10  2
 23 18 12 10  2
 22 19 12 10  2
 21 20 12 10  2
 25 15 13 10  2
 24 16 13 10  2
 23 17 13 10  2
 22 18 13 10  2
 21 19 13 10  2
 24 15 14 10  2
 23 16 14 10  2
 22 17 14 10  2
 21 18 14 10  2
 20 19 14 10  2
 22 16 15 10  2
 21 17 15 10  2
 20 18 15 10  2
 20 17 16 10  2
 19 18 16 10  2
 25 15 12 11  2
 24 16 12 11  2
 23 17 12 11  2
 22 18 12 11  2
 21 19 12 11  2
 25 14 13 11  2
 24 15 13 11  2
 23 16 13 11  2
 22 17 13 11  2
 21 18 13 11  2
 20 19 13 11  2
 23 15 14 11  2
 22 16 14 11  2
 21 17 14 11  2
 20 18 14 11  2
 21 16 15 11  2
 20 17 15 11  2
 19 18 15 11  2
 19 17 16 11  2
 24 14 13 12  2
 23 15 13 12  2
 22 16 13 12  2
 21 17 13 12  2
 20 18 13 12  2
 22 15 14 12  2
 21 16 14 12  2
 20 17 14 12  2
 19 18 14 12  2
 20 16 15 12  2
 19 17 15 12  2
 18 17 16 12  2
 21 15 14 13  2
 20 16 14 13  2
 19 17 14 13  2
 19 16 15 13  2
 18 17 15 13  2
 18 16 15 14  2
 25 24  9  4  3
 25 23 10  4  3
 25 22 11  4  3
 24 23 11  4  3
 25 21 12  4  3
 24 22 12  4  3
 25 20 13  4  3
 24 21 13  4  3
 23 22 13  4  3
 25 19 14  4  3
 24 20 14  4  3
 23 21 14  4  3
 25 18 15  4  3
 24 19 15  4  3
 23 20 15  4  3
 22 21 15  4  3
 25 17 16  4  3
 24 18 16  4  3
 23 19 16  4  3
 22 20 16  4  3
 23 18 17  4  3
 22 19 17  4  3
 21 20 17  4  3
 21 19 18  4  3
 25 24  8  5  3
 25 23  9  5  3
 25 22 10  5  3
 24 23 10  5  3
 25 21 11  5  3
 24 22 11  5  3
 25 20 12  5  3
 24 21 12  5  3
 23 22 12  5  3
 25 19 13  5  3
 24 20 13  5  3
 23 21 13  5  3
 25 18 14  5  3
 24 19 14  5  3
 23 20 14  5  3
 22 21 14  5  3
 25 17 15  5  3
 24 18 15  5  3
 23 19 15  5  3
 22 20 15  5  3
 24 17 16  5  3
 23 18 16  5  3
 22 19 16  5  3
 21 20 16  5  3
 22 18 17  5  3
 21 19 17  5  3
 20 19 18  5  3
 25 24  7  6  3
 25 23  8  6  3
 25 22  9  6  3
 24 23  9  6  3
 25 21 10  6  3
 24 22 10  6  3
 25 20 11  6  3
 24 21 11  6  3
 23 22 11  6  3
 25 19 12  6  3
 24 20 12  6  3
 23 21 12  6  3
 25 18 13  6  3
 24 19 13  6  3
 23 20 13  6  3
 22 21 13  6  3
 25 17 14  6  3
 24 18 14  6  3
 23 19 14  6  3
 22 20 14  6  3
 25 16 15  6  3
 24 17 15  6  3
 23 18 15  6  3
 22 19 15  6  3
 21 20 15  6  3
 23 17 16  6  3
 22 18 16  6  3
 21 19 16  6  3
 21 18 17  6  3
 20 19 17  6  3
 25 22  8  7  3
 24 23  8  7  3
 25 21  9  7  3
 24 22  9  7  3
 25 20 10  7  3
 24 21 10  7  3
 23 22 10  7  3
 25 19 11  7  3
 24 20 11  7  3
 23 21 11  7  3
 25 18 12  7  3
 24 19 12  7  3
 23 20 12  7  3
 22 21 12  7  3
 25 17 13  7  3
 24 18 13  7  3
 23 19 13  7  3
 22 20 13  7  3
 25 16 14  7  3
 24 17 14  7  3
 23 18 14  7  3
 22 19 14  7  3
 21 20 14  7  3
 24 16 15  7  3
 23 17 15  7  3
 22 18 15  7  3
 21 19 15  7  3
 22 17 16  7  3
 21 18 16  7  3
 20 19 16  7  3
 20 18 17  7  3
 25 20  9  8  3
 24 21  9  8  3
 23 22  9  8  3
 25 19 10  8  3
 24 20 10  8  3
 23 21 10  8  3
 25 18 11  8  3
 24 19 11  8  3
 23 20 11  8  3
 22 21 11  8  3
 25 17 12  8  3
 24 18 12  8  3
 23 19 12  8  3
 22 20 12  8  3
 25 16 13  8  3
 24 17 13  8  3
 23 18 13  8  3
 22 19 13  8  3
 21 20 13  8  3
 25 15 14  8  3
 24 16 14  8  3
 23 17 14  8  3
 22 18 14  8  3
 21 19 14  8  3
 23 16 15  8  3
 22 17 15  8  3
 21 18 15  8  3
 20 19 15  8  3
 21 17 16  8  3
 20 18 16  8  3
 19 18 17  8  3
 25 18 10  9  3
 24 19 10  9  3
 23 20 10  9  3
 22 21 10  9  3
 25 17 11  9  3
 24 18 11  9  3
 23 19 11  9  3
 22 20 11  9  3
 25 16 12  9  3
 24 17 12  9  3
 23 18 12  9  3
 22 19 12  9  3
 21 20 12  9  3
 25 15 13  9  3
 24 16 13  9  3
 23 17 13  9  3
 22 18 13  9  3
 21 19 13  9  3
 24 15 14  9  3
 23 16 14  9  3
 22 17 14  9  3
 21 18 14  9  3
 20 19 14  9  3
 22 16 15  9  3
 21 17 15  9  3
 20 18 15  9  3
 20 17 16  9  3
 19 18 16  9  3
 25 16 11 10  3
 24 17 11 10  3
 23 18 11 10  3
 22 19 11 10  3
 21 20 11 10  3
 25 15 12 10  3
 24 16 12 10  3
 23 17 12 10  3
 22 18 12 10  3
 21 19 12 10  3
 25 14 13 10  3
 24 15 13 10  3
 23 16 13 10  3
 22 17 13 10  3
 21 18 13 10  3
 20 19 13 10  3
 23 15 14 10  3
 22 16 14 10  3
 21 17 14 10  3
 20 18 14 10  3
 21 16 15 10  3
 20 17 15 10  3
 19 18 15 10  3
 19 17 16 10  3
 25 14 12 11  3
 24 15 12 11  3
 23 16 12 11  3
 22 17 12 11  3
 21 18 12 11  3
 20 19 12 11  3
 24 14 13 11  3
 23 15 13 11  3
 22 16 13 11  3
 21 17 13 11  3
 20 18 13 11  3
 22 15 14 11  3
 21 16 14 11  3
 20 17 14 11  3
 19 18 14 11  3
 20 16 15 11  3
 19 17 15 11  3
 18 17 16 11  3
 23 14 13 12  3
 22 15 13 12  3
 21 16 13 12  3
 20 17 13 12  3
 19 18 13 12  3
 21 15 14 12  3
 20 16 14 12  3
 19 17 14 12  3
 19 16 15 12  3
 18 17 15 12  3
 20 15 14 13  3
 19 16 14 13  3
 18 17 14 13  3
 18 16 15 13  3
 17 16 15 14  3
 25 24  7  5  4
 25 23  8  5  4
 25 22  9  5  4
 24 23  9  5  4
 25 21 10  5  4
 24 22 10  5  4
 25 20 11  5  4
 24 21 11  5  4
 23 22 11  5  4
 25 19 12  5  4
 24 20 12  5  4
 23 21 12  5  4
 25 18 13  5  4
 24 19 13  5  4
 23 20 13  5  4
 22 21 13  5  4
 25 17 14  5  4
 24 18 14  5  4
 23 19 14  5  4
 22 20 14  5  4
 25 16 15  5  4
 24 17 15  5  4
 23 18 15  5  4
 22 19 15  5  4
 21 20 15  5  4
 23 17 16  5  4
 22 18 16  5  4
 21 19 16  5  4
 21 18 17  5  4
 20 19 17  5  4
 25 23  7  6  4
 25 22  8  6  4
 24 23  8  6  4
 25 21  9  6  4
 24 22  9  6  4
 25 20 10  6  4
 24 21 10  6  4
 23 22 10  6  4
 25 19 11  6  4
 24 20 11  6  4
 23 21 11  6  4
 25 18 12  6  4
 24 19 12  6  4
 23 20 12  6  4
 22 21 12  6  4
 25 17 13  6  4
 24 18 13  6  4
 23 19 13  6  4
 22 20 13  6  4
 25 16 14  6  4
 24 17 14  6  4
 23 18 14  6  4
 22 19 14  6  4
 21 20 14  6  4
 24 16 15  6  4
 23 17 15  6  4
 22 18 15  6  4
 21 19 15  6  4
 22 17 16  6  4
 21 18 16  6  4
 20 19 16  6  4
 20 18 17  6  4
 25 21  8  7  4
 24 22  8  7  4
 25 20  9  7  4
 24 21  9  7  4
 23 22  9  7  4
 25 19 10  7  4
 24 20 10  7  4
 23 21 10  7  4
 25 18 11  7  4
 24 19 11  7  4
 23 20 11  7  4
 22 21 11  7  4
 25 17 12  7  4
 24 18 12  7  4
 23 19 12  7  4
 22 20 12  7  4
 25 16 13  7  4
 24 17 13  7  4
 23 18 13  7  4
 22 19 13  7  4
 21 20 13  7  4
 25 15 14  7  4
 24 16 14  7  4
 23 17 14  7  4
 22 18 14  7  4
 21 19 14  7  4
 23 16 15  7  4
 22 17 15  7  4
 21 18 15  7  4
 20 19 15  7  4
 21 17 16  7  4
 20 18 16  7  4
 19 18 17  7  4
 25 19  9  8  4
 24 20  9  8  4
 23 21  9  8  4
 25 18 10  8  4
 24 19 10  8  4
 23 20 10  8  4
 22 21 10  8  4
 25 17 11  8  4
 24 18 11  8  4
 23 19 11  8  4
 22 20 11  8  4
 25 16 12  8  4
 24 17 12  8  4
 23 18 12  8  4
 22 19 12  8  4
 21 20 12  8  4
 25 15 13  8  4
 24 16 13  8  4
 23 17 13  8  4
 22 18 13  8  4
 21 19 13  8  4
 24 15 14  8  4
 23 16 14  8  4
 22 17 14  8  4
 21 18 14  8  4
 20 19 14  8  4
 22 16 15  8  4
 21 17 15  8  4
 20 18 15  8  4
 20 17 16  8  4
 19 18 16  8  4
 25 17 10  9  4
 24 18 10  9  4
 23 19 10  9  4
 22 20 10  9  4
 25 16 11  9  4
 24 17 11  9  4
 23 18 11  9  4
 22 19 11  9  4
 21 20 11  9  4
 25 15 12  9  4
 24 16 12  9  4
 23 17 12  9  4
 22 18 12  9  4
 21 19 12  9  4
 25 14 13  9  4
 24 15 13  9  4
 23 16 13  9  4
 22 17 13  9  4
 21 18 13  9  4
 20 19 13  9  4
 23 15 14  9  4
 22 16 14  9  4
 21 17 14  9  4
 20 18 14  9  4
 21 16 15  9  4
 20 17 15  9  4
 19 18 15  9  4
 19 17 16  9  4
 25 15 11 10  4
 24 16 11 10  4
 23 17 11 10  4
 22 18 11 10  4
 21 19 11 10  4
 25 14 12 10  4
 24 15 12 10  4
 23 16 12 10  4
 22 17 12 10  4
 21 18 12 10  4
 20 19 12 10  4
 24 14 13 10  4
 23 15 13 10  4
 22 16 13 10  4
 21 17 13 10  4
 20 18 13 10  4
 22 15 14 10  4
 21 16 14 10  4
 20 17 14 10  4
 19 18 14 10  4
 20 16 15 10  4
 19 17 15 10  4
 18 17 16 10  4
 25 13 12 11  4
 24 14 12 11  4
 23 15 12 11  4
 22 16 12 11  4
 21 17 12 11  4
 20 18 12 11  4
 23 14 13 11  4
 22 15 13 11  4
 21 16 13 11  4
 20 17 13 11  4
 19 18 13 11  4
 21 15 14 11  4
 20 16 14 11  4
 19 17 14 11  4
 19 16 15 11  4
 18 17 15 11  4
 22 14 13 12  4
 21 15 13 12  4
 20 16 13 12  4
 19 17 13 12  4
 20 15 14 12  4
 19 16 14 12  4
 18 17 14 12  4
 18 16 15 12  4
 19 15 14 13  4
 18 16 14 13  4
 17 16 15 13  4
 25 22  7  6  5
 24 23  7  6  5
 25 21  8  6  5
 24 22  8  6  5
 25 20  9  6  5
 24 21  9  6  5
 23 22  9  6  5
 25 19 10  6  5
 24 20 10  6  5
 23 21 10  6  5
 25 18 11  6  5
 24 19 11  6  5
 23 20 11  6  5
 22 21 11  6  5
 25 17 12  6  5
 24 18 12  6  5
 23 19 12  6  5
 22 20 12  6  5
 25 16 13  6  5
 24 17 13  6  5
 23 18 13  6  5
 22 19 13  6  5
 21 20 13  6  5
 25 15 14  6  5
 24 16 14  6  5
 23 17 14  6  5
 22 18 14  6  5
 21 19 14  6  5
 23 16 15  6  5
 22 17 15  6  5
 21 18 15  6  5
 20 19 15  6  5
 21 17 16  6  5
 20 18 16  6  5
 19 18 17  6  5
 25 20  8  7  5
 24 21  8  7  5
 23 22  8  7  5
 25 19  9  7  5
 24 20  9  7  5
 23 21  9  7  5
 25 18 10  7  5
 24 19 10  7  5
 23 20 10  7  5
 22 21 10  7  5
 25 17 11  7  5
 24 18 11  7  5
 23 19 11  7  5
 22 20 11  7  5
 25 16 12  7  5
 24 17 12  7  5
 23 18 12  7  5
 22 19 12  7  5
 21 20 12  7  5
 25 15 13  7  5
 24 16 13  7  5
 23 17 13  7  5
 22 18 13  7  5
 21 19 13  7  5
 24 15 14  7  5
 23 16 14  7  5
 22 17 14  7  5
 21 18 14  7  5
 20 19 14  7  5
 22 16 15  7  5
 21 17 15  7  5
 20 18 15  7  5
 20 17 16  7  5
 19 18 16  7  5
 25 18  9  8  5
 24 19  9  8  5
 23 20  9  8  5
 22 21  9  8  5
 25 17 10  8  5
 24 18 10  8  5
 23 19 10  8  5
 22 20 10  8  5
 25 16 11  8  5
 24 17 11  8  5
 23 18 11  8  5
 22 19 11  8  5
 21 20 11  8  5
 25 15 12  8  5
 24 16 12  8  5
 23 17 12  8  5
 22 18 12  8  5
 21 19 12  8  5
 25 14 13  8  5
 24 15 13  8  5
 23 16 13  8  5
 22 17 13  8  5
 21 18 13  8  5
 20 19 13  8  5
 23 15 14  8  5
 22 16 14  8  5
 21 17 14  8  5
 20 18 14  8  5
 21 16 15  8  5
 20 17 15  8  5
 19 18 15  8  5
 19 17 16  8  5
 25 16 10  9  5
 24 17 10  9  5
 23 18 10  9  5
 22 19 10  9  5
 21 20 10  9  5
 25 15 11  9  5
 24 16 11  9  5
 23 17 11  9  5
 22 18 11  9  5
 21 19 11  9  5
 25 14 12  9  5
 24 15 12  9  5
 23 16 12  9  5
 22 17 12  9  5
 21 18 12  9  5
 20 19 12  9  5
 24 14 13  9  5
 23 15 13  9  5
 22 16 13  9  5
 21 17 13  9  5
 20 18 13  9  5
 22 15 14  9  5
 21 16 14  9  5
 20 17 14  9  5
 19 18 14  9  5
 20 16 15  9  5
 19 17 15  9  5
 18 17 16  9  5
 25 14 11 10  5
 24 15 11 10  5
 23 16 11 10  5
 22 17 11 10  5
 21 18 11 10  5
 20 19 11 10  5
 25 13 12 10  5
 24 14 12 10  5
 23 15 12 10  5
 22 16 12 10  5
 21 17 12 10  5
 20 18 12 10  5
 23 14 13 10  5
 22 15 13 10  5
 21 16 13 10  5
 20 17 13 10  5
 19 18 13 10  5
 21 15 14 10  5
 20 16 14 10  5
 19 17 14 10  5
 19 16 15 10  5
 18 17 15 10  5
 24 13 12 11  5
 23 14 12 11  5
 22 15 12 11  5
 21 16 12 11  5
 20 17 12 11  5
 19 18 12 11  5
 22 14 13 11  5
 21 15 13 11  5
 20 16 13 11  5
 19 17 13 11  5
 20 15 14 11  5
 19 16 14 11  5
 18 17 14 11  5
 18 16 15 11  5
 21 14 13 12  5
 20 15 13 12  5
 19 16 13 12  5
 18 17 13 12  5
 19 15 14 12  5
 18 16 14 12  5
 17 16 15 12  5
 18 15 14 13  5
 17 16 14 13  5
 25 19  8  7  6
 24 20  8  7  6
 23 21  8  7  6
 25 18  9  7  6
 24 19  9  7  6
 23 20  9  7  6
 22 21  9  7  6
 25 17 10  7  6
 24 18 10  7  6
 23 19 10  7  6
 22 20 10  7  6
 25 16 11  7  6
 24 17 11  7  6
 23 18 11  7  6
 22 19 11  7  6
 21 20 11  7  6
 25 15 12  7  6
 24 16 12  7  6
 23 17 12  7  6
 22 18 12  7  6
 21 19 12  7  6
 25 14 13  7  6
 24 15 13  7  6
 23 16 13  7  6
 22 17 13  7  6
 21 18 13  7  6
 20 19 13  7  6
 23 15 14  7  6
 22 16 14  7  6
 21 17 14  7  6
 20 18 14  7  6
 21 16 15  7  6
 20 17 15  7  6
 19 18 15  7  6
 19 17 16  7  6
 25 17  9  8  6
 24 18  9  8  6
 23 19  9  8  6
 22 20  9  8  6
 25 16 10  8  6
 24 17 10  8  6
 23 18 10  8  6
 22 19 10  8  6
 21 20 10  8  6
 25 15 11  8  6
 24 16 11  8  6
 23 17 11  8  6
 22 18 11  8  6
 21 19 11  8  6
 25 14 12  8  6
 24 15 12  8  6
 23 16 12  8  6
 22 17 12  8  6
 21 18 12  8  6
 20 19 12  8  6
 24 14 13  8  6
 23 15 13  8  6
 22 16 13  8  6
 21 17 13  8  6
 20 18 13  8  6
 22 15 14  8  6
 21 16 14  8  6
 20 17 14  8  6
 19 18 14  8  6
 20 16 15  8  6
 19 17 15  8  6
 18 17 16  8  6
 25 15 10  9  6
 24 16 10  9  6
 23 17 10  9  6
 22 18 10  9  6
 21 19 10  9  6
 25 14 11  9  6
 24 15 11  9  6
 23 16 11  9  6
 22 17 11  9  6
 21 18 11  9  6
 20 19 11  9  6
 25 13 12  9  6
 24 14 12  9  6
 23 15 12  9  6
 22 16 12  9  6
 21 17 12  9  6
 20 18 12  9  6
 23 14 13  9  6
 22 15 13  9  6
 21 16 13  9  6
 20 17 13  9  6
 19 18 13  9  6
 21 15 14  9  6
 20 16 14  9  6
 19 17 14  9  6
 19 16 15  9  6
 18 17 15  9  6
 25 13 11 10  6
 24 14 11 10  6
 23 15 11 10  6
 22 16 11 10  6
 21 17 11 10  6
 20 18 11 10  6
 24 13 12 10  6
 23 14 12 10  6
 22 15 12 10  6
 21 16 12 10  6
 20 17 12 10  6
 19 18 12 10  6
 22 14 13 10  6
 21 15 13 10  6
 20 16 13 10  6
 19 17 13 10  6
 20 15 14 10  6
 19 16 14 10  6
 18 17 14 10  6
 18 16 15 10  6
 23 13 12 11  6
 22 14 12 11  6
 21 15 12 11  6
 20 16 12 11  6
 19 17 12 11  6
 21 14 13 11  6
 20 15 13 11  6
 19 16 13 11  6
 18 17 13 11  6
 19 15 14 11  6
 18 16 14 11  6
 17 16 15 11  6
 20 14 13 12  6
 19 15 13 12  6
 18 16 13 12  6
 18 15 14 12  6
 17 16 14 12  6
 17 15 14 13  6
 25 16  9  8  7
 24 17  9  8  7
 23 18  9  8  7
 22 19  9  8  7
 21 20  9  8  7
 25 15 10  8  7
 24 16 10  8  7
 23 17 10  8  7
 22 18 10  8  7
 21 19 10  8  7
 25 14 11  8  7
 24 15 11  8  7
 23 16 11  8  7
 22 17 11  8  7
 21 18 11  8  7
 20 19 11  8  7
 25 13 12  8  7
 24 14 12  8  7
 23 15 12  8  7
 22 16 12  8  7
 21 17 12  8  7
 20 18 12  8  7
 23 14 13  8  7
 22 15 13  8  7
 21 16 13  8  7
 20 17 13  8  7
 19 18 13  8  7
 21 15 14  8  7
 20 16 14  8  7
 19 17 14  8  7
 19 16 15  8  7
 18 17 15  8  7
 25 14 10  9  7
 24 15 10  9  7
 23 16 10  9  7
 22 17 10  9  7
 21 18 10  9  7
 20 19 10  9  7
 25 13 11  9  7
 24 14 11  9  7
 23 15 11  9  7
 22 16 11  9  7
 21 17 11  9  7
 20 18 11  9  7
 24 13 12  9  7
 23 14 12  9  7
 22 15 12  9  7
 21 16 12  9  7
 20 17 12  9  7
 19 18 12  9  7
 22 14 13  9  7
 21 15 13  9  7
 20 16 13  9  7
 19 17 13  9  7
 20 15 14  9  7
 19 16 14  9  7
 18 17 14  9  7
 18 16 15  9  7
 25 12 11 10  7
 24 13 11 10  7
 23 14 11 10  7
 22 15 11 10  7
 21 16 11 10  7
 20 17 11 10  7
 19 18 11 10  7
 23 13 12 10  7
 22 14 12 10  7
 21 15 12 10  7
 20 16 12 10  7
 19 17 12 10  7
 21 14 13 10  7
 20 15 13 10  7
 19 16 13 10  7
 18 17 13 10  7
 19 15 14 10  7
 18 16 14 10  7
 17 16 15 10  7
 22 13 12 11  7
 21 14 12 11  7
 20 15 12 11  7
 19 16 12 11  7
 18 17 12 11  7
 20 14 13 11  7
 19 15 13 11  7
 18 16 13 11  7
 18 15 14 11  7
 17 16 14 11  7
 19 14 13 12  7
 18 15 13 12  7
 17 16 13 12  7
 17 15 14 12  7
 16 15 14 13  7
 25 13 10  9  8
 24 14 10  9  8
 23 15 10  9  8
 22 16 10  9  8
 21 17 10  9  8
 20 18 10  9  8
 25 12 11  9  8
 24 13 11  9  8
 23 14 11  9  8
 22 15 11  9  8
 21 16 11  9  8
 20 17 11  9  8
 19 18 11  9  8
 23 13 12  9  8
 22 14 12  9  8
 21 15 12  9  8
 20 16 12  9  8
 19 17 12  9  8
 21 14 13  9  8
 20 15 13  9  8
 19 16 13  9  8
 18 17 13  9  8
 19 15 14  9  8
 18 16 14  9  8
 17 16 15  9  8
 24 12 11 10  8
 23 13 11 10  8
 22 14 11 10  8
 21 15 11 10  8
 20 16 11 10  8
 19 17 11 10  8
 22 13 12 10  8
 21 14 12 10  8
 20 15 12 10  8
 19 16 12 10  8
 18 17 12 10  8
 20 14 13 10  8
 19 15 13 10  8
 18 16 13 10  8
 18 15 14 10  8
 17 16 14 10  8
 21 13 12 11  8
 20 14 12 11  8
 19 15 12 11  8
 18 16 12 11  8
 19 14 13 11  8
 18 15 13 11  8
 17 16 13 11  8
 17 15 14 11  8
 18 14 13 12  8
 17 15 13 12  8
 16 15 14 12  8
 23 12 11 10  9
 22 13 11 10  9
 21 14 11 10  9
 20 15 11 10  9
 19 16 11 10  9
 18 17 11 10  9
 21 13 12 10  9
 20 14 12 10  9
 19 15 12 10  9
 18 16 12 10  9
 19 14 13 10  9
 18 15 13 10  9
 17 16 13 10  9
 17 15 14 10  9
 20 13 12 11  9
 19 14 12 11  9
 18 15 12 11  9
 17 16 12 11  9
 18 14 13 11  9
 17 15 13 11  9
 16 15 14 11  9
 17 14 13 12  9
 16 15 13 12  9
 19 13 12 11 10
 18 14 12 11 10
 17 15 12 11 10
 17 14 13 11 10
 16 15 13 11 10
 16 14 13 12 10
 15 14 13 12 11
Result: 1394
